coffee_drinks_codes <- c(
  92100000,
  92100500,
  92101000,
  92101500,
  92101600,
  92101610,
  92101630,
  92101640,
  92101650,
  92101660,
  92101670,
  92101700,
  92101700,
  92101800,
  92101810,
  92101820,
  92101850,
  92101851,
  92101900,
  92101901,
  92101903,
  92101904,
  92101905,
  92101906,
  92101910,
  92101911,
  92101913,
  92101917,
  92101918,
  92101919,
  92101920,
  92101921,
  92101923,
  92101925,
  92101926,
  92101928,
  92101930,
  92101930,
  92101931,
  92101933,
  92101935,
  92101936,
  92101938,
  92101950,
  92101950,
  92101955,
  92101960,
  92101965,
  92101970,
  92101975,
  92102000,
  92102010,
  92102020,
  92102030,
  92102040,
  92102050,
  92102060,
  92102070,
  92102080,
  92102090,
  92102100,
  92102110,
  92102400,
  92102401,
  92102450,
  92102500,
  92102501,
  92102502,
  92102503,
  92102504,
  92102505,
  92102510,
  92102511,
  92102512,
  92102513,
  92102514,
  92102515,
  92102600,
  92102601,
  92102602,
  92102610,
  92102611,
  92102612,
  92103000,
  92103000,
  92104000,
  92105000,
  92105010,
  92106000,
  92111000,
  92111010,
  92114000,
  92121000,
  92121001,
  92121010,
  92121020,
  92121030,
  92121040,
  92121041,
  92121050,
  92121050,
  92130000,
  92130000,
  92130001,
  92130005,
  92130005,
  92130006,
  92130010,
  92130011,
  92130020,
  92130021,
  92130030,
  92130031,
  92150000,
  92151000,
  92151100,
  92152000,
  92152000,
  92152010,
  92153000,
  92153100,
  92161000,
  92161000,
  92161001,
  92161002,
  92161005,
  92162000,
  92162000,
  92162001,
  92162002,
  92162005,
  92171000,
  92171010,
  92191000,
  92191100,
  92191105,
  92191200,
  92191200,
  92191250,
  92191400,
  92191500,
  92191520,
  92192000,
  92192000,
  92192030,
  92192030,
  92192040,
  92192040,
  92193000,
  92193005,
  92193020,
  92193025
)
